6.657277376453998308e+00
3.291495711428717996e+00
3.246362858505294380e+00
3.238704777393175860e+00
3.231887085117696401e+00
3.225012467516371828e+00
3.217837974837595372e+00
3.210246851465027085e+00
3.202148901489882959e+00
3.193459724363463259e+00
3.184096824998147390e+00
3.173979484927540451e+00
3.163029596723003323e+00
3.151172835034246056e+00
3.138339991130852269e+00
3.124468392938739569e+00
3.109503354433941880e+00
3.093399604121628066e+00
3.076122641900785215e+00
3.057649968512562211e+00
3.037972124269240570e+00
3.017093467995525913e+00
2.995032627975638739e+00
2.971822568079221849e+00
2.947510235390698341e+00
2.922155788263111287e+00
2.895831440032545334e+00
2.868619986000910504e+00
2.840613102516877486e+00
2.811909512774746656e+00
2.782613104470665455e+00
2.752831064222390989e+00
2.722672069847878351e+00
2.692244561464836483e+00
2.661655100865317536e+00
2.631006827083019584e+00
2.600398022384976748e+00
2.569920812770439600e+00
2.539660035670800564e+00
2.509692311190713898e+00
2.480085350105216246e+00
2.450897522170358833e+00
2.422177693956017563e+00
2.393965329056097158e+00
2.366290827931232243e+00
2.339176072007300711e+00
2.312635128326083755e+00
2.286675067419382312e+00
2.261296847760529083e+00
2.236496224225072549e+00
2.212264644323509888e+00
2.188590103427888955e+00
2.165457937855444825e+00
2.142851541807794025e+00
2.120753000369547614e+00
2.099143635849930689e+00
2.078004468679388594e+00
2.057316596935472752e+00
2.037061500512369783e+00
2.017221277133285362e+00
1.997778817995671696e+00
1.978717930982765827e+00
1.960023419192752137e+00
1.941681122128617876e+00
1.923677926335151778e+00
1.906001751624262663e+00
1.888641518341289904e+00
1.871587100427517525e+00
1.854829268353242799e+00
1.838359625349651694e+00
1.822170539770277875e+00
1.806255075871908033e+00
1.790606924825409507e+00
1.775220337350721156e+00
1.760090059015523734e+00
1.745211268941069926e+00
1.730579522416091365e+00
1.716190697724957026e+00
1.702040947342989829e+00
1.688126653533759569e+00
1.674444388294009434e+00
1.660990877526366649e+00
1.647762969272851263e+00
1.634757605809605163e+00
1.621971799381570767e+00
1.609402611342356071e+00
1.597047134457151296e+00
1.584902478123805025e+00
1.572965756267636239e+00
1.561234077668795850e+00
1.549704538486230243e+00
1.538374216749172962e+00
1.527240168595455083e+00
1.516299426045536025e+00
1.505548996111719662e+00
1.494985861053669707e+00
1.484606979603505739e+00
1.474409288996650913e+00
1.464389707657850703e+00
1.454545138405018978e+00
1.444872472047142420e+00
1.435368591265463456e+00
1.426030374680196777e+00
1.416854701017167706e+00
1.407838453300666703e+00
1.398978523009700936e+00
1.390271814145059626e+00
1.381715247164022831e+00
1.373305762747999426e+00
1.365040325376062347e+00
1.356915926684134188e+00
1.348929588595529916e+00
1.341078366213766859e+00
1.333359350472956173e+00
1.325769670544932888e+00
1.318306496005315465e+00
1.310967038763324766e+00
1.303748554762275580e+00
1.296648345459217921e+00
1.289663759093475637e+00
1.282792191754697386e+00
1.276031088261668334e+00
1.269377942863451070e+00
1.262830299774563958e+00
1.256385753555935736e+00
1.250041949353155601e+00
1.243796583003271339e+00
1.237647401021086058e+00
1.231592200475390975e+00
1.225628828765198630e+00
1.219755183305428980e+00
1.213969211131082027e+00
1.208268908428331123e+00
1.202652320000458408e+00
1.197117538676018222e+00
1.191662704666130557e+00
1.186286004877262101e+00
1.180985672185388413e+00
1.175759984677008152e+00
1.170607264861960983e+00
1.165525878862695874e+00
1.160514235584130471e+00
1.155570785867971129e+00
1.150694021634987907e+00
1.145882475018373148e+00
1.141134717491130823e+00
1.136449358990012648e+00
1.131825047038440113e+00
1.127260465870437933e+00
1.122754335557533789e+00
1.118305411140299244e+00
1.113912481766043072e+00
1.109574369834006591e+00
1.105289930149249589e+00
1.101058049086290458e+00
1.096877643763406684e+00
1.092747661228399947e+00
1.088667077656558124e+00
1.084634897561358446e+00
1.080650153018474890e+00
1.076711902903501938e+00
1.072819232143749302e+00
1.068971250984400267e+00
1.065167094269289683e+00
1.061405920736438580e+00
1.057686912328509532e+00
1.054009273518254020e+00
1.050372230648988658e+00
1.046775031290118063e+00
1.043216943607687242e+00
1.039697255749875371e+00
1.036215275247398315e+00
1.032770328428676443e+00
1.029361759849665159e+00
1.025988931738199827e+00
1.022651223452686109e+00
1.019348030954975837e+00
1.016078766297231706e+00
1.012842857122583817e+00
1.009639746179370245e+00
1.006468890848749798e+00
1.003329762685456039e+00
1.000221846971463213e+00
9.971446422823321276e-01
9.940976600660114126e-01
9.910804242338059344e-01
9.880924707633410575e-01
9.851333473132017904e-01
9.822026128490538577e-01
9.792998372809685881e-01
9.764246011117270196e-01
9.735764950958379904e-01
9.707551199090200811e-01
9.679600858279533426e-01
9.651910124199728491e-01
9.624475282425443146e-01
9.597292705522427747e-01
9.570358850230042957e-01
9.543670254734186731e-01
9.517223536028494024e-01
9.491015387361320110e-01
9.465042575766374755e-01
9.439301939674836772e-01
9.413790386606795124e-01
9.388504890939803893e-01
9.363442491752510533e-01
9.338600290741344567e-01
9.313975450208191731e-01
9.289565191117132859e-01
9.265366791218075937e-01
9.241377583235846904e-01
9.217594953122328905e-01
9.194016338370143426e-01
9.170639226386041454e-01
9.147461152922082839e-01
9.124479700563034035e-01
9.101692497268282223e-01
9.079097214966403984e-01
9.056691568201091780e-01
9.034473312826590830e-01
9.012440244751153129e-01
8.990590198727026472e-01
8.968921047185446360e-01
8.947430699115249686e-01
8.926117098983537002e-01
8.904978225697125493e-01
8.884012091603364913e-01
8.863216741528995302e-01
8.842590251855784178e-01
8.822130729631616486e-01
8.801836311715776073e-01
8.781705163957366223e-01
8.761735480405472565e-01
8.741925482550062521e-01
8.722273418592498828e-01
8.702777562744516970e-01
8.683436214554615118e-01
8.664247698260807429e-01
8.645210362168875839e-01
8.626322578054947954e-01
8.607582740591408488e-01
8.588989266795711286e-01
8.570540595500375503e-01
8.552235186844117099e-01
8.534071521782662373e-01
8.516048101618860500e-01
8.498163447550903804e-01
8.480416100238319377e-01
8.462804619384571847e-01
8.445327583335903165e-01
8.427983588695446837e-01
8.410771249952204709e-01
8.393689199123942624e-01
8.376736085413684085e-01
8.359910574878995915e-01
8.343211350113524105e-01
8.326637109940299153e-01
8.310186569116211341e-01
8.293858458047098647e-01
8.277651522513104210e-01
8.261564523403541749e-01
8.245596236461291140e-01
8.229745452035607256e-01
8.214010974843658497e-01
8.198391623739768042e-01
8.182886231492433327e-01
8.167493644568369904e-01
8.152212722923578569e-01
8.137042339800827362e-01
8.121981381533394106e-01
8.107028747354634302e-01
8.092183349213203369e-01
8.077444111593581333e-01
8.062809971341582393e-01
8.048279877494730616e-01
8.033852791117191972e-01
8.019527685138977402e-01
8.005303544199209309e-01
7.991179364493480319e-01
7.977154153624643751e-01
7.963226930457332209e-01
7.949396724975681394e-01
7.935662578144273560e-01
7.922023541772144073e-01
7.908478678379475824e-01
7.895027061067247942e-01
7.881667773389263720e-01
7.868399909226759803e-01
7.855222572665301328e-01
7.842134877873936372e-01
7.829135948986444271e-01
7.816224919984606778e-01
7.803400934583479831e-01
7.790663146118371740e-01
7.778010717433720966e-01
7.765442820773593713e-01
7.752958637673768028e-01
7.740557358855394421e-01
7.728238184120181931e-01
7.716000322246887588e-01
7.703842990889286924e-01
7.691765416475389028e-01
7.679766834107967233e-01
7.667846487466253302e-01
7.656003628708862863e-01
7.644237518377848817e-01
7.632547425303799482e-01
7.620932626512161301e-01
7.609392407130390890e-01
7.597926060296323891e-01
7.586532887067356512e-01
7.575212196330700642e-01
7.563963304714563796e-01
7.552785536500173924e-01
7.541678223534769021e-01
7.530640705145437153e-01
7.519672328053842447e-01
7.508772446291790414e-01
7.497940421117558207e-01
7.487175620933180786e-01
7.476477421202393225e-01
7.465845204369527810e-01
7.455278359779025088e-01
7.444776283595908595e-01
7.434338378726856877e-01
7.423964054742122620e-01
7.413652727798260011e-01
7.403403820561460513e-01
7.393216762131757935e-01
7.383090987967886321e-01
7.373025939812934970e-01
7.363021065620671823e-01
7.353075819482615127e-01
7.343189661555818981e-01
7.333362057991390515e-01
7.323592480863651000e-01
7.313880408100125186e-01
7.304225323412105730e-01
7.294626716225947050e-01
7.285084081615179619e-01
7.275596920233092790e-01
7.266164738246212451e-01
7.256787047268373758e-01
7.247463364295476662e-01
7.238193211640917557e-01
7.228976116871770330e-01
7.219811612745549168e-01
7.210699237147740748e-01
7.201638533029870448e-01
7.192629048348405663e-01
7.183670336004223111e-01
7.174761953782681223e-01
7.165903464294539615e-01
7.157094434917334880e-01
7.148334437737519087e-01
7.139623049493237783e-01
7.130959851517747472e-01
7.122344429683404865e-01
7.113776374346435505e-01
7.105255280292205322e-01
7.096780746681210505e-01
7.088352376995663562e-01
7.079969778986693330e-01
7.071632564622175599e-01
7.063340350035198778e-01
7.055092755473135746e-01
7.046889405247238614e-01
7.038729927683036180e-01
7.030613955071118859e-01
7.022541123618617487e-01
7.014511073401323848e-01
7.006523448316256397e-01
6.998577896034913204e-01
6.990674067957176607e-01
6.982811619165527617e-01
6.974990208380102974e-01
6.967209497914195193e-01
6.959469153630275517e-01
6.951768844896649702e-01
6.944108244544603403e-01
6.936487028826133772e-01
6.928904877372182858e-01
6.921361473151427246e-01
6.913856502429540640e-01
6.906389654729088168e-01
6.898960622789842567e-01
6.891569102529611079e-01
6.884214793005640765e-01
6.876897396376460136e-01
6.869616617864229280e-01
6.862372165717585126e-01
6.855163751175002984e-01
6.847991088428595496e-01
6.840853894588344586e-01
6.833751889646904054e-01
6.826684796444830727e-01
6.819652340636190857e-01
6.812654250654742727e-01
6.805690257680482302e-01
6.798760095606651843e-01
6.791863501007175952e-01
6.785000213104567246e-01
6.778169973738228382e-01
6.771372527333120450e-01
6.764607620868977600e-01
6.757875003849818096e-01
6.751174428273840622e-01
6.744505648603874581e-01
6.737868421738061331e-01
6.731262506980991711e-01
6.724687666015209953e-01
6.718143662873170552e-01
6.711630263909430516e-01
6.705147237773314561e-01
6.698694355381914489e-01
6.692271389893490463e-01
6.685878116681076566e-01
6.679514313306672557e-01
6.673179759495539987e-01
6.666874237111024559e-01
6.660597530129589439e-01
6.654349424616273767e-01
6.648129708700361018e-01
6.641938172551536956e-01
6.635774608356141968e-01
6.629638810293955187e-01
6.623530574515185121e-01
6.617449699117693429e-01
6.611395984124730507e-01
6.605369231462635549e-01
6.599369244939239376e-01
6.593395830222166243e-01
6.587448794817706288e-01
6.581527948049757937e-01
6.575633101039225492e-01
6.569764066683539960e-01
6.563920659636532928e-01
6.558102696288542477e-01
6.552309994746781108e-01
6.546542374816026744e-01
6.540799657979354809e-01
6.535081667379445403e-01
6.529388227799823863e-01
6.523719165646585383e-01
6.518074308930137395e-01
6.512453487247372719e-01
6.506856531763973717e-01
6.501283275196946265e-01
6.495733551797405747e-01
6.490207197333582867e-01
6.484704049074009324e-01
6.479223945770975490e-01
6.473766727644183483e-01
6.468332236364557897e-01
6.462920315038344077e-01
6.457530808191359606e-01
6.452163561753450072e-01
6.446818423043171320e-01
6.441495240752596052e-01
6.436193864932440167e-01
6.430914146977239065e-01
6.425655939610759315e-01
6.420419096871685660e-01
6.415203474099344660e-01
6.410008927919691457e-01
6.404835316231453080e-01
6.399682498192461599e-01
6.394550334206126063e-01
6.389438685908112037e-01
6.384347416153163257e-01
6.379276389002054293e-01
6.374225469708820757e-01
6.369194524708018390e-01
6.364183421602166435e-01
6.359192029149480785e-01
6.354220217251528302e-01
6.349267856941239740e-01
6.344334820370962635e-01
6.339420980800687389e-01
6.334526212586411020e-01
6.329650391168676338e-01
6.324793393061207691e-01
6.319955095839685510e-01
6.315135378130752875e-01
6.310334119600985447e-01
6.305551200946147850e-01
6.300786503880523304e-01
6.296039911126358746e-01
6.291311306403472026e-01
6.286600574418937937e-01
6.281907600856951879e-01
6.277232272368810095e-01
6.272574476562940982e-01
6.267934101995140672e-01
6.263311038158922983e-01
6.258705175475889337e-01
6.254116405286326286e-01
6.249544619839885184e-01
6.244989712286317385e-01
6.240451576666360411e-01
6.235930107902807329e-01
6.231425201791515045e-01
6.226936754992674627e-01
6.222464665022083841e-01
6.218008830242622853e-01
6.213569149855704410e-01
6.209145523892940499e-01
6.204737853207827891e-01
6.200346039467589110e-01
6.195969985145077796e-01
6.191609593510768450e-01
6.187264768624877176e-01
6.182935415329543494e-01
6.178621439241113178e-01
6.174322746742536561e-01
6.170039244975796811e-01
6.165770841834478100e-01
6.161517445956412597e-01
6.157278966716394075e-01
6.153055314218978111e-01
6.148846399291414411e-01
6.144652133476540268e-01
6.140472429025932710e-01
6.136307198892961834e-01
6.132156356726070623e-01
6.128019816862005920e-01
6.123897494319262558e-01
6.119789304791427575e-01
6.115695164640806425e-01
6.111614990891950372e-01
6.107548701225345988e-01
6.103496213971157935e-01
6.099457448103038359e-01
6.095432323232012894e-01
6.091420759600407742e-01
6.087422678075914417e-01
6.083438000145638958e-01
6.079466647910251043e-01
6.075508544078280782e-01
6.071563611960298923e-01
6.067631775463333543e-01
6.063712959085260090e-01
6.059807087909309109e-01
6.055914087598562867e-01
6.052033884390578544e-01
6.048166405092025855e-01
6.044311577073462338e-01
6.040469328264044258e-01
6.036639587146407360e-01
6.032822282751529874e-01
6.029017344653744281e-01
6.025224702965653600e-01
6.021444288333264172e-01
6.017676031931077363e-01
6.013919865457244551e-01
6.010175721128828696e-01
6.006443531677062575e-01
6.002723230342653649e-01
5.999014750871198842e-01
5.995318027508576009e-01
5.991632994996480832e-01
5.987959588567901559e-01
5.984297743942709191e-01
5.980647397323308745e-01
5.977008485390289394e-01
5.973380945298132350e-01
5.969764714671008665e-01
5.966159731598591476e-01
5.962565934631866016e-01
5.958983262779073975e-01
5.955411655501672286e-01
5.951851052710284140e-01
5.948301394760731053e-01
5.944762622450152634e-01
5.941234677013074172e-01
5.937717500117589697e-01
5.934211033861543916e-01
5.930715220768811857e-01
5.927230003785517454e-01
5.923755326276399780e-01
5.920291132021151537e-01
5.916837365210801947e-01
5.913393970444179581e-01
5.909960892724384074e-01
5.906538077455214530e-01
5.903125470437843303e-01
5.899723017867308794e-01
5.896330666329130388e-01
5.892948362796012196e-01
5.889576054624477974e-01
5.886213689551600403e-01
5.882861215691783663e-01
5.879518581533548227e-01
5.876185735936290122e-01
5.872862628127204498e-01
5.869549207698142590e-01
5.866245424602519742e-01
5.862951229152301158e-01
5.859666572014913255e-01
5.856391404210332663e-01
5.853125677108054203e-01
5.849869342424224294e-01
5.846622352218686647e-01
5.843384658892152306e-01
5.840156215183344157e-01
5.836936974166149206e-01
5.833726889246886316e-01
5.830525914161527323e-01
5.827334002972937022e-01
5.824151110068217507e-01
5.820977190155990355e-01
5.817812198263784262e-01
5.814656089735373845e-01
5.811508820228189487e-01
5.808370345710770488e-01
5.805240622460170474e-01
5.802119607059481599e-01
5.799007256395304344e-01
5.795903527655263954e-01
5.792808378325610130e-01
5.789721766188723473e-01
5.786643649320755145e-01
5.783573986089241004e-01
5.780512735150707959e-01
5.777459855448400239e-01
5.774415306209886856e-01
5.771379046944840052e-01
5.768351037442750462e-01
5.765331237770611184e-01
5.762319608270781712e-01
5.759316109558738628e-01
5.756320702520861810e-01
5.753333348312338336e-01
5.750354008354928714e-01
5.747382644334926294e-01
5.744419218200970123e-01
5.741463692162009913e-01
5.738516028685249903e-01
5.735576190494031668e-01
5.732644140565861246e-01
5.729719842130370777e-01
5.726803258667327867e-01
5.723894353904687149e-01
5.720993091816559684e-01
5.718099436621368881e-01
5.715213352779818790e-01
5.712334804993092208e-01
5.709463758200866712e-01
5.706600177579519428e-01
5.703744028540213007e-01
5.700895276727079297e-01
5.698053888015399693e-01
5.695219828509764382e-01
5.692393064542315972e-01
5.689573562670984241e-01
5.686761289677637610e-01
5.683956212566442234e-01
5.681158298562063447e-01
5.678367515107954899e-01
5.675583829864686569e-01
5.672807210708223913e-01
5.670037625728261421e-01
5.667275043226578379e-01
5.664519431715357989e-01
5.661770759915603080e-01
5.659028996755456342e-01
5.656294111368672661e-01
5.653566073092926025e-01
5.650844851468311836e-01
5.648130416235775941e-01
5.645422737335484831e-01
5.642721784905395666e-01
5.640027529279623142e-01
5.637339940987000642e-01
5.634658990749523699e-01
5.631984649480903382e-01
5.629316888285044174e-01
5.626655678454599574e-01
5.624000991469516597e-01
5.621352798995570277e-01
5.618711072882953683e-01
5.616075785164865719e-01
5.613446908056046736e-01
5.610824413951437384e-01
5.608208275424761968e-01
5.605598465227144001e-01
5.602994956285755057e-01
5.600397721702463638e-01
5.597806734752464042e-01
5.595221968882942987e-01
5.592643397711788422e-01
5.590070995026240608e-01
5.587504734781584270e-01
5.584944591099889610e-01
5.582390538268678926e-01
5.579842550739680940e-01
5.577300603127572920e-01
5.574764670208678385e-01
5.572234726919769177e-01
5.569710748356817565e-01
5.567192709773736148e-01
5.564680586581207677e-01
5.562174354345412741e-01
5.559673988786905108e-01
5.557179465779338301e-01
5.554690761348360928e-01
5.552207851670372118e-01
5.549730713071407973e-01
5.547259322025948070e-01
5.544793655155806356e-01
5.542333689228932103e-01
5.539879401158340766e-01
5.537430768000948245e-01
5.534987766956466215e-01
5.532550375366324102e-01
5.530118570712517778e-01
5.527692330616538197e-01
5.525271632838318903e-01
5.522856455275136911e-01
5.520446775960533570e-01
5.518042573063259848e-01
5.515643824886271585e-01
5.513250509865590399e-01
5.510862606569357780e-01
5.508480093696775937e-01
5.506102950077059743e-01
5.503731154668481951e-01
5.501364686557271844e-01
5.499003524956718181e-01
5.496647649206132247e-01
5.494297038769856423e-01
5.491951673236287190e-01
5.489611532316918119e-01
5.487276595845378413e-01
5.484946843776461467e-01
5.482622256185183396e-01
5.480302813265840456e-01
5.477988495331083119e-01
5.475679282810969051e-01
5.473375156252047180e-01
5.471076096316469517e-01
5.468782083781044134e-01
5.466493099536354761e-01
5.464209124585834854e-01
5.461930140044960469e-01
5.459656127140271042e-01
5.457387067208546716e-01
5.455122941695947913e-01
5.452863732157118282e-01
5.450609420254354243e-01
5.448359987756757894e-01
5.446115416539362153e-01
5.443875688582332506e-01
5.441640785970135452e-01
5.439410690890675859e-01
5.437185385634519807e-01
5.434964852594050821e-01
5.432749074262717137e-01
5.430538033234151296e-01
5.428331712201465153e-01
5.426130093956387235e-01
5.423933161388538871e-01
5.421740897484617072e-01
5.419553285327665115e-01
5.417370308096264298e-01
5.415191949063833388e-01
5.413018191597802620e-01
5.410849019158953110e-01
5.408684415300597514e-01
5.406524363667917221e-01
5.404368847997197411e-01
5.402217852115082097e-01
5.400071359937916871e-01
5.397929355470981738e-01
5.395791822807833871e-01
5.393658746129572634e-01
5.391530109704147922e-01
5.389405897885708452e-01
5.387286095113871243e-01
5.385170685913084343e-01
5.383059654891926282e-01
5.380952986742457700e-01
5.378850666239550771e-01
5.376752678240240835e-01
5.374659007683070255e-01
5.372569639587464474e-01
5.370484559053065876e-01
5.368403751259094303e-01
5.366327201463771956e-01
5.364254895003639501e-01
5.362186817292966534e-01
5.360122953823150960e-01
5.358063290162072834e-01
5.356007811953541475e-01
5.353956504916651538e-01
5.351909354845235667e-01
5.349866347607229455e-01
5.347827469144138535e-01
5.345792705470434614e-01
5.343762042672969281e-01
